ID,Customer,Origin Pincode,Destination Pincode,Part Number,Qty,Delivery ID
1,VoltasBeko,635110,673636,1200379,100,1
2,VoltasBeko,635110,625221,1200175,25,2
3,VoltasBeko,635110,625221,1200244,25,3
4,VoltasBeko,635110,625221,1200406,22,4
5,VoltasBeko,635110,625221,1200451,22,5
6,VoltasBeko,635110,625221,1200452,22,6
7,VoltasBeko,635110,600067,1100826,8,7
8,VoltasBeko,635110,600067,1100899,4,8
9,VoltasBeko,635110,600067,1200371,8,9
10,VoltasBeko,635110,600067,1200449,6,10
7,VoltasBeko,635110,754296,1100826,8,11
5,VoltasBeko,635110,840492,1200451,22,12
1,VoltasBeko,635110,593753,1200379,100,13
3,VoltasBeko,635110,380651,1200244,25,14
1,VoltasBeko,635110,357149,1200379,100,15
4,VoltasBeko,635110,325331,1200406,22,16
6,VoltasBeko,635110,656576,1200452,22,17
5,VoltasBeko,635110,591668,1200451,22,18
1,VoltasBeko,635110,710951,1200379,100,19
9,VoltasBeko,635110,978099,1200371,8,20
6,VoltasBeko,635110,342180,1200452,22,21
10,VoltasBeko,635110,405110,1200449,6,22
8,VoltasBeko,635110,167508,1100899,4,23
6,VoltasBeko,635110,415985,1200452,22,24
9,VoltasBeko,635110,707210,1200371,8,25
4,VoltasBeko,635110,679012,1200406,22,26
6,VoltasBeko,635110,911702,1200452,22,27
10,VoltasBeko,635110,646514,1200449,6,28
2,VoltasBeko,635110,852681,1200175,25,29
3,VoltasBeko,635110,350181,1200244,25,30
3,VoltasBeko,635110,472916,1200244,25,31
6,VoltasBeko,635110,639642,1200452,22,32
1,VoltasBeko,635110,280316,1200379,100,33
10,VoltasBeko,635110,432575,1200449,6,34
8,VoltasBeko,635110,449077,1100899,4,35
3,VoltasBeko,635110,986736,1200244,25,36
8,VoltasBeko,635110,577302,1100899,4,37
2,VoltasBeko,635110,147916,1200175,25,38
4,VoltasBeko,635110,135713,1200406,22,39
1,VoltasBeko,635110,211416,1200379,100,40
3,VoltasBeko,635110,959351,1200244,25,41
3,VoltasBeko,635110,662227,1200244,25,42
2,VoltasBeko,635110,405367,1200175,25,43
8,VoltasBeko,635110,224934,1100899,4,44
8,VoltasBeko,635110,718543,1100899,4,45
8,VoltasBeko,635110,950747,1100899,4,46
3,VoltasBeko,635110,887689,1200244,25,47
5,VoltasBeko,635110,504979,1200451,22,48
3,VoltasBeko,635110,609052,1200244,25,49
10,VoltasBeko,635110,259698,1200449,6,50
8,VoltasBeko,635110,469931,1100899,4,51
8,VoltasBeko,635110,969048,1100899,4,52
9,VoltasBeko,635110,997028,1200371,8,53
2,VoltasBeko,635110,403614,1200175,25,54
6,VoltasBeko,635110,268801,1200452,22,55
9,VoltasBeko,635110,198150,1200371,8,56
7,VoltasBeko,635110,815520,1100826,8,57
9,VoltasBeko,635110,203612,1200371,8,58
2,VoltasBeko,635110,451119,1200175,25,59
6,VoltasBeko,635110,499924,1200452,22,60
8,VoltasBeko,635110,737657,1100899,4,61
7,VoltasBeko,635110,458825,1100826,8,62
8,VoltasBeko,635110,663567,1100899,4,63
9,VoltasBeko,635110,900422,1200371,8,64
2,VoltasBeko,635110,416316,1200175,25,65
7,VoltasBeko,635110,212249,1100826,8,66
2,VoltasBeko,635110,148228,1200175,25,67
10,VoltasBeko,635110,175205,1200449,6,68
2,VoltasBeko,635110,505486,1200175,25,69
2,VoltasBeko,635110,988118,1200175,25,70
2,VoltasBeko,635110,275729,1200175,25,71
8,VoltasBeko,635110,803791,1100899,4,72
5,VoltasBeko,635110,675743,1200451,22,73
8,VoltasBeko,635110,975822,1100899,4,74
2,VoltasBeko,635110,890684,1200175,25,75
9,VoltasBeko,635110,747238,1200371,8,76
8,VoltasBeko,635110,796402,1100899,4,77
6,VoltasBeko,635110,995038,1200452,22,78
6,VoltasBeko,635110,912629,1200452,22,79
8,VoltasBeko,635110,757757,1100899,4,80
9,VoltasBeko,635110,808164,1200371,8,81
3,VoltasBeko,635110,130933,1200244,25,82
10,VoltasBeko,635110,144425,1200449,6,83
5,VoltasBeko,635110,352664,1200451,22,84
5,VoltasBeko,635110,905130,1200451,22,85
3,VoltasBeko,635110,424220,1200244,25,86
1,VoltasBeko,635110,177718,1200379,100,87
9,VoltasBeko,635110,482923,1200371,8,88
10,VoltasBeko,635110,578693,1200449,6,89
10,VoltasBeko,635110,582880,1200449,6,90
2,VoltasBeko,635110,985075,1200175,25,91
6,VoltasBeko,635110,958652,1200452,22,92
3,VoltasBeko,635110,920603,1200244,25,93
5,VoltasBeko,635110,277169,1200451,22,94
1,VoltasBeko,635110,602360,1200379,100,95
6,VoltasBeko,635110,521889,1200452,22,96
4,VoltasBeko,635110,430172,1200406,22,97
5,VoltasBeko,635110,122000,1200451,22,98
1,VoltasBeko,635110,124482,1200379,100,99
1,VoltasBeko,635110,242460,1200379,100,100
9,VoltasBeko,635110,442529,1200371,8,101
7,VoltasBeko,635110,354416,1100826,8,102
4,VoltasBeko,635110,471172,1200406,22,103
9,VoltasBeko,635110,488659,1200371,8,104
9,VoltasBeko,635110,537276,1200371,8,105
7,VoltasBeko,635110,968389,1100826,8,106
5,VoltasBeko,635110,860671,1200451,22,107
2,VoltasBeko,635110,997050,1200175,25,108
4,VoltasBeko,635110,421245,1200406,22,109
3,VoltasBeko,635110,928495,1200244,25,110
