ID,Origin Pincode,Destination Pincode,Weight,Volume,Truck Preference
1,560005,635110,1677.5,270.05,
2,560009,635110,1220,196.4,
3,560018,635110,1433.5,230.77,
4,560051,635110,396.5,63.83,
5,560061,635110,762.5,122.75,
6,576103,635110,610,98.2,
7,562123,635110,1006.5,162.03,
8,563130,635110,396.5,63.83,
9,570001,635110,427,68.74,
10,560102,635110,396.5,63.83,
11,575002,635110,854,137.48,
12,576101,635110,305,49.1,
13,570024,635110,1799.5,289.69,
14,576213,635110,518.5,83.47,
15,580029,635110,732,117.84,
16,581301,635110,427,68.74,
17,583101,635110,1708,274.96,
18,591237,635110,305,49.1,
19,586101,635110,610,98.2,
20,590008,635110,610,98.2,
21,585103,635110,366,58.92,
