ID,Customer,Origin Pincode,Destination Pincode,Part Number,Qty
1,VoltasBeko,635110,487655,1200379,100
2,VoltasBeko,635110,619051,1200175,25
3,VoltasBeko,635110,690670,1200244,25
4,VoltasBeko,635110,296467,1200406,22
5,VoltasBeko,635110,152796,1200451,22
6,VoltasBeko,635110,880207,1200452,22
7,VoltasBeko,635110,889157,1100826,8
8,VoltasBeko,635110,719760,1100899,4
9,VoltasBeko,635110,263377,1200371,8
10,VoltasBeko,635110,964538,1200449,6
11,VoltasBeko,635110,673953,1200244,25
12,VoltasBeko,635110,385114,1200449,6
13,VoltasBeko,635110,765842,1100899,4
14,VoltasBeko,635110,903554,1200452,22
15,VoltasBeko,635110,655032,1100899,4
16,VoltasBeko,635110,725540,1200452,22
17,VoltasBeko,635110,223500,1200175,25
18,VoltasBeko,635110,553211,1200244,25
19,VoltasBeko,635110,189777,1200175,25
20,VoltasBeko,635110,502360,1200449,6
21,VoltasBeko,635110,695503,1200406,22
22,VoltasBeko,635110,794206,1200452,22
23,VoltasBeko,635110,594100,1200451,22
24,VoltasBeko,635110,785070,1200175,25
25,VoltasBeko,635110,798929,1200244,25
26,VoltasBeko,635110,259702,1200371,8
27,VoltasBeko,635110,719640,1200244,25
28,VoltasBeko,635110,391171,1200379,100
29,VoltasBeko,635110,746649,1200175,25
30,VoltasBeko,635110,736277,1200406,22
31,VoltasBeko,635110,494657,1200406,22
32,VoltasBeko,635110,278646,1200175,25
33,VoltasBeko,635110,876983,1100826,8
34,VoltasBeko,635110,346758,1200452,22
35,VoltasBeko,635110,876365,1200379,100
36,VoltasBeko,635110,690604,1200452,22
37,VoltasBeko,635110,951583,1200371,8
38,VoltasBeko,635110,701508,1200244,25
39,VoltasBeko,635110,296886,1200175,25
40,VoltasBeko,635110,904880,1200452,22
41,VoltasBeko,635110,970560,1200449,6
42,VoltasBeko,635110,318388,1200175,25
43,VoltasBeko,635110,134041,1100899,4
44,VoltasBeko,635110,122153,1200451,22
45,VoltasBeko,635110,860800,1200449,6
46,VoltasBeko,635110,724169,1200449,6
47,VoltasBeko,635110,666260,1200371,8
48,VoltasBeko,635110,883389,1200452,22
49,VoltasBeko,635110,573862,1100899,4
50,VoltasBeko,635110,131975,1100826,8
51,VoltasBeko,635110,184653,1100899,4
52,VoltasBeko,635110,536710,1200406,22
53,VoltasBeko,635110,841083,1200452,22
54,VoltasBeko,635110,223247,1200175,25
55,VoltasBeko,635110,923829,1100826,8
56,VoltasBeko,635110,459836,1100826,8
57,VoltasBeko,635110,791134,1200451,22
58,VoltasBeko,635110,420611,1200449,6
59,VoltasBeko,635110,418587,1200406,22
60,VoltasBeko,635110,233987,1200451,22
61,VoltasBeko,635110,707722,1200371,8
62,VoltasBeko,635110,372885,1200449,6
63,VoltasBeko,635110,196349,1200452,22
64,VoltasBeko,635110,667026,1200451,22
65,VoltasBeko,635110,541372,1200406,22
66,VoltasBeko,635110,199355,1200244,25
67,VoltasBeko,635110,618450,1200406,22
68,VoltasBeko,635110,794948,1200244,25
69,VoltasBeko,635110,431443,1200371,8
70,VoltasBeko,635110,838053,1200451,22
71,VoltasBeko,635110,736136,1200379,100
72,VoltasBeko,635110,663826,1200449,6
73,VoltasBeko,635110,335949,1200449,6
74,VoltasBeko,635110,570120,1200449,6
75,VoltasBeko,635110,460850,1200379,100
76,VoltasBeko,635110,681141,1200175,25
77,VoltasBeko,635110,276943,1200244,25
78,VoltasBeko,635110,684287,1200452,22
79,VoltasBeko,635110,249366,1200371,8
80,VoltasBeko,635110,877384,1200244,25
81,VoltasBeko,635110,523164,1200379,100
82,VoltasBeko,635110,269050,1200451,22
83,VoltasBeko,635110,880210,1200406,22
84,VoltasBeko,635110,326374,1200451,22
85,VoltasBeko,635110,153941,1200379,100
86,VoltasBeko,635110,695779,1200371,8
87,VoltasBeko,635110,556126,1200451,22
88,VoltasBeko,635110,691268,1100899,4
89,VoltasBeko,635110,123314,1200451,22
90,VoltasBeko,635110,624057,1100899,4
91,VoltasBeko,635110,789639,1200452,22
92,VoltasBeko,635110,556610,1200406,22
93,VoltasBeko,635110,415286,1200406,22
94,VoltasBeko,635110,452138,1100826,8
95,VoltasBeko,635110,643822,1200452,22
96,VoltasBeko,635110,742894,1100899,4
97,VoltasBeko,635110,539494,1200379,100
98,VoltasBeko,635110,151387,1200451,22
99,VoltasBeko,635110,672685,1200244,25
100,VoltasBeko,635110,988747,1100899,4
101,VoltasBeko,635110,624938,1200406,22
102,VoltasBeko,635110,127967,1100899,4
103,VoltasBeko,635110,630384,1200406,22
104,VoltasBeko,635110,288714,1200452,22
105,VoltasBeko,635110,771305,1200244,25
106,VoltasBeko,635110,388523,1200449,6
107,VoltasBeko,635110,740473,1100826,8
108,VoltasBeko,635110,422995,1100826,8
109,VoltasBeko,635110,342800,1200449,6
110,VoltasBeko,635110,545509,1200244,25
