ID,Customer,Origin Pincode,Destination Pincode,Part Number,Qty
1,VoltasBeko,635110,673636,1200379,100
2,VoltasBeko,635110,625221,1200175,25
3,VoltasBeko,635110,625221,1200244,25
4,VoltasBeko,635110,625221,1200406,22
5,VoltasBeko,635110,625221,1200451,22
6,VoltasBeko,635110,625221,1200452,22
7,VoltasBeko,635110,600067,1100826,8
8,VoltasBeko,635110,600067,1100899,4
9,VoltasBeko,635110,600067,1200371,8
10,VoltasBeko,635110,600067,1200449,6
11,VoltasBeko,635110,152073,1200244,25
12,VoltasBeko,635110,980941,1200449,6
13,VoltasBeko,635110,913344,1100899,4
14,VoltasBeko,635110,390122,1200452,22
15,VoltasBeko,635110,810829,1100899,4
16,VoltasBeko,635110,256829,1200452,22
17,VoltasBeko,635110,279845,1200175,25
18,VoltasBeko,635110,725937,1200244,25
19,VoltasBeko,635110,922758,1200175,25
20,VoltasBeko,635110,705147,1200449,6
21,VoltasBeko,635110,563078,1200406,22
22,VoltasBeko,635110,857545,1200452,22
23,VoltasBeko,635110,560041,1200451,22
24,VoltasBeko,635110,625621,1200175,25
25,VoltasBeko,635110,570905,1200244,25
26,VoltasBeko,635110,602586,1200371,8
27,VoltasBeko,635110,532750,1200244,25
28,VoltasBeko,635110,288714,1200379,100
29,VoltasBeko,635110,121613,1200175,25
30,VoltasBeko,635110,268380,1200406,22
31,VoltasBeko,635110,858244,1200406,22
32,VoltasBeko,635110,774534,1200175,25
33,VoltasBeko,635110,753488,1100826,8
34,VoltasBeko,635110,147271,1200452,22
35,VoltasBeko,635110,932160,1200379,100
36,VoltasBeko,635110,686871,1200452,22
37,VoltasBeko,635110,315878,1200371,8
38,VoltasBeko,635110,277197,1200244,25
39,VoltasBeko,635110,442249,1200175,25
40,VoltasBeko,635110,835559,1200452,22
41,VoltasBeko,635110,596703,1200449,6
42,VoltasBeko,635110,565520,1200175,25
43,VoltasBeko,635110,394351,1100899,4
44,VoltasBeko,635110,165772,1200451,22
45,VoltasBeko,635110,479896,1200449,6
46,VoltasBeko,635110,304691,1200449,6
47,VoltasBeko,635110,883483,1200371,8
48,VoltasBeko,635110,866642,1200452,22
49,VoltasBeko,635110,394746,1100899,4
50,VoltasBeko,635110,545721,1100826,8
51,VoltasBeko,635110,306720,1100899,4
52,VoltasBeko,635110,871413,1200406,22
53,VoltasBeko,635110,908944,1200452,22
54,VoltasBeko,635110,664788,1200175,25
55,VoltasBeko,635110,443381,1100826,8
56,VoltasBeko,635110,199263,1100826,8
57,VoltasBeko,635110,558454,1200451,22
58,VoltasBeko,635110,879686,1200449,6
59,VoltasBeko,635110,247492,1200406,22
60,VoltasBeko,635110,545047,1200451,22
61,VoltasBeko,635110,864197,1200371,8
62,VoltasBeko,635110,919799,1200449,6
63,VoltasBeko,635110,369219,1200452,22
64,VoltasBeko,635110,363788,1200451,22
65,VoltasBeko,635110,869523,1200406,22
66,VoltasBeko,635110,481578,1200244,25
67,VoltasBeko,635110,176175,1200406,22
68,VoltasBeko,635110,935117,1200244,25
69,VoltasBeko,635110,306752,1200371,8
70,VoltasBeko,635110,305072,1200451,22
71,VoltasBeko,635110,800237,1200379,100
72,VoltasBeko,635110,255476,1200449,6
73,VoltasBeko,635110,642366,1200449,6
74,VoltasBeko,635110,296483,1200449,6
75,VoltasBeko,635110,798037,1200379,100
76,VoltasBeko,635110,898922,1200175,25
77,VoltasBeko,635110,590098,1200244,25
78,VoltasBeko,635110,181895,1200452,22
79,VoltasBeko,635110,936071,1200371,8
80,VoltasBeko,635110,854227,1200244,25
81,VoltasBeko,635110,350701,1200379,100
82,VoltasBeko,635110,559795,1200451,22
83,VoltasBeko,635110,928135,1200406,22
84,VoltasBeko,635110,655075,1200451,22
85,VoltasBeko,635110,115372,1200379,100
86,VoltasBeko,635110,581414,1200371,8
87,VoltasBeko,635110,796023,1200451,22
88,VoltasBeko,635110,805685,1100899,4
89,VoltasBeko,635110,276744,1200451,22
90,VoltasBeko,635110,957679,1100899,4
91,VoltasBeko,635110,241419,1200452,22
92,VoltasBeko,635110,156937,1200406,22
93,VoltasBeko,635110,865644,1200406,22
94,VoltasBeko,635110,657791,1100826,8
95,VoltasBeko,635110,451294,1200452,22
96,VoltasBeko,635110,738953,1100899,4
97,VoltasBeko,635110,220914,1200379,100
98,VoltasBeko,635110,282076,1200451,22
99,VoltasBeko,635110,372840,1200244,25
100,VoltasBeko,635110,249720,1100899,4
101,VoltasBeko,635110,735983,1200406,22
102,VoltasBeko,635110,832885,1100899,4
103,VoltasBeko,635110,376668,1200406,22
104,VoltasBeko,635110,515128,1200452,22
105,VoltasBeko,635110,785856,1200244,25
106,VoltasBeko,635110,381466,1200449,6
107,VoltasBeko,635110,787480,1100826,8
108,VoltasBeko,635110,460204,1100826,8
109,VoltasBeko,635110,723195,1200449,6
110,VoltasBeko,635110,805842,1200244,25
