ID,Customer,Origin Pincode,Destination Pincode,Part Number,Qty
1,VoltasBeko,635110,673636,1200379,100
2,VoltasBeko,635110,625221,1200175,25
3,VoltasBeko,635110,625221,1200244,25
4,VoltasBeko,635110,625221,1200406,22
5,VoltasBeko,635110,625221,1200451,22
6,VoltasBeko,635110,625221,1200452,22
7,VoltasBeko,635110,600067,1100826,8
8,VoltasBeko,635110,600067,1100899,4
9,VoltasBeko,635110,600067,1200371,8
10,VoltasBeko,635110,600067,1200449,6
7,VoltasBeko,635110,754296,1100826,8
5,VoltasBeko,635110,840492,1200451,22
1,VoltasBeko,635110,593753,1200379,100
3,VoltasBeko,635110,380651,1200244,25
1,VoltasBeko,635110,357149,1200379,100
4,VoltasBeko,635110,325331,1200406,22
6,VoltasBeko,635110,656576,1200452,22
5,VoltasBeko,635110,591668,1200451,22
1,VoltasBeko,635110,710951,1200379,100
9,VoltasBeko,635110,978099,1200371,8
6,VoltasBeko,635110,342180,1200452,22
10,VoltasBeko,635110,405110,1200449,6
8,VoltasBeko,635110,167508,1100899,4
6,VoltasBeko,635110,415985,1200452,22
9,VoltasBeko,635110,707210,1200371,8
4,VoltasBeko,635110,679012,1200406,22
6,VoltasBeko,635110,911702,1200452,22
10,VoltasBeko,635110,646514,1200449,6
2,VoltasBeko,635110,852681,1200175,25
3,VoltasBeko,635110,350181,1200244,25
3,VoltasBeko,635110,472916,1200244,25
6,VoltasBeko,635110,639642,1200452,22
1,VoltasBeko,635110,280316,1200379,100
10,VoltasBeko,635110,432575,1200449,6
8,VoltasBeko,635110,449077,1100899,4
3,VoltasBeko,635110,986736,1200244,25
8,VoltasBeko,635110,577302,1100899,4
2,VoltasBeko,635110,147916,1200175,25
4,VoltasBeko,635110,135713,1200406,22
1,VoltasBeko,635110,211416,1200379,100
3,VoltasBeko,635110,959351,1200244,25
3,VoltasBeko,635110,662227,1200244,25
2,VoltasBeko,635110,405367,1200175,25
8,VoltasBeko,635110,224934,1100899,4
8,VoltasBeko,635110,718543,1100899,4
8,VoltasBeko,635110,950747,1100899,4
3,VoltasBeko,635110,887689,1200244,25
5,VoltasBeko,635110,504979,1200451,22
3,VoltasBeko,635110,609052,1200244,25
10,VoltasBeko,635110,259698,1200449,6
8,VoltasBeko,635110,469931,1100899,4
8,VoltasBeko,635110,969048,1100899,4
9,VoltasBeko,635110,997028,1200371,8
2,VoltasBeko,635110,403614,1200175,25
6,VoltasBeko,635110,268801,1200452,22
9,VoltasBeko,635110,198150,1200371,8
7,VoltasBeko,635110,815520,1100826,8
9,VoltasBeko,635110,203612,1200371,8
2,VoltasBeko,635110,451119,1200175,25
6,VoltasBeko,635110,499924,1200452,22
8,VoltasBeko,635110,737657,1100899,4
7,VoltasBeko,635110,458825,1100826,8
8,VoltasBeko,635110,663567,1100899,4
9,VoltasBeko,635110,900422,1200371,8
2,VoltasBeko,635110,416316,1200175,25
7,VoltasBeko,635110,212249,1100826,8
2,VoltasBeko,635110,148228,1200175,25
10,VoltasBeko,635110,175205,1200449,6
2,VoltasBeko,635110,505486,1200175,25
2,VoltasBeko,635110,988118,1200175,25
2,VoltasBeko,635110,275729,1200175,25
8,VoltasBeko,635110,803791,1100899,4
5,VoltasBeko,635110,675743,1200451,22
8,VoltasBeko,635110,975822,1100899,4
2,VoltasBeko,635110,890684,1200175,25
9,VoltasBeko,635110,747238,1200371,8
8,VoltasBeko,635110,796402,1100899,4
6,VoltasBeko,635110,995038,1200452,22
6,VoltasBeko,635110,912629,1200452,22
8,VoltasBeko,635110,757757,1100899,4
9,VoltasBeko,635110,808164,1200371,8
3,VoltasBeko,635110,130933,1200244,25
10,VoltasBeko,635110,144425,1200449,6
5,VoltasBeko,635110,352664,1200451,22
5,VoltasBeko,635110,905130,1200451,22
3,VoltasBeko,635110,424220,1200244,25
1,VoltasBeko,635110,177718,1200379,100
9,VoltasBeko,635110,482923,1200371,8
10,VoltasBeko,635110,578693,1200449,6
10,VoltasBeko,635110,582880,1200449,6
2,VoltasBeko,635110,985075,1200175,25
6,VoltasBeko,635110,958652,1200452,22
3,VoltasBeko,635110,920603,1200244,25
5,VoltasBeko,635110,277169,1200451,22
1,VoltasBeko,635110,602360,1200379,100
6,VoltasBeko,635110,521889,1200452,22
4,VoltasBeko,635110,430172,1200406,22
5,VoltasBeko,635110,122000,1200451,22
1,VoltasBeko,635110,124482,1200379,100
1,VoltasBeko,635110,242460,1200379,100
9,VoltasBeko,635110,442529,1200371,8
7,VoltasBeko,635110,354416,1100826,8
4,VoltasBeko,635110,471172,1200406,22
9,VoltasBeko,635110,488659,1200371,8
9,VoltasBeko,635110,537276,1200371,8
7,VoltasBeko,635110,968389,1100826,8
5,VoltasBeko,635110,860671,1200451,22
2,VoltasBeko,635110,997050,1200175,25
4,VoltasBeko,635110,421245,1200406,22
3,VoltasBeko,635110,928495,1200244,25
