ID,Origin Pincode,Destination Pincode,Material Number,Qty
1,560005,635110,1100005,5
2,560009,635110,1100026,6
3,560018,635110,1100101,9
4,560051,635110,1100151,3
5,560061,635110,1100164,8
6,576103,635110,1100182,7
7,562123,635110,1100189,2
8,563130,635110,1100200,6
9,570001,635110,1100243,4
10,560102,635110,1100261,9
11,575002,635110,1200005,6
12,576101,635110,1200006,11
13,570024,635110,1200055,14
14,576213,635110,1200142,4
15,580029,635110,1200192,8
16,581301,635110,1100207,3
17,583101,635110,1100247,9
18,591237,635110,1100189,2
19,586101,635110,1100305,7
20,590008,635110,1100192,7
21,585103,635110,1100212,9
